0 739 35 
0 697 63 
0 727 48 
0 416 79 
0 713 61 
0 628 45 
0 4 2 
0 70 58 
0 650 57 
0 463 86 
0 572 135 
0 565 153 
0 212 101 
0 5 15 
0 585 160 
0 785 200 
0 614 155 
0 521 145 
0 486 133 
0 217 106 
0 481 166 
0 504 155 
0 100 29 
1 237 67 
0 724 153 
0 546 126 
1 575 158 
0 467 123 
0 681 198 
0 520 11 
0 430 0 
0 504 0 
0 465 0 
0 539 15 
0 516 15 
0 180 8 
0 45 3 
0 404 0 
0 186 0 
0 507 159 
0 526 149 
0 214 68 
0 496 184 
0 503 147 
0 201 45 
0 327 170 
0 473 145 
0 672 172 
0 426 139 
0 185 1 
0 288 84 
0 214 47 
0 296 81 
0 875 199 
0 848 204 
0 632 290 
0 1114 258 
0 1185 201 
0 778 226 
0 593 154 
0 366 103 
0 897 185 
0 47 30 
0 582 122 
0 566 147 
0 0 118 
0 0 34 
0 0 24 
0 0 40 
0 0 19 
0 0 38 
0 0 42 
0 0 27 
0 0 38 
0 485 172 
0 848 186 
0 259 37 
0 345 12 
0 797 191 
0 1051 208 
0 524 452 
0 1080 168 
0 263 76 
0 970 189 
0 74 21 
0 166 88 
0 223 122 
0 471 139 
0 611 154 
0 219 102 
0 427 131 
0 147 79 
0 591 201 
0 145 7 
1 1227 124 
0 192 79 
0 345 49 
0 1255 114 
0 693 185 
0 578 195 
0 809 135 
0 626 141 
0 159 61 
0 111 9 
0 75 1 
0 494 15 
0 510 12 
0 496 6 
0 558 15 
0 578 36 
0 109 19 
0 26 27 
0 593 13 
0 1166 160 
0 146 21 
0 304 93 
0 631 258 
0 493 232 
0 672 172 
0 644 167 
0 740 208 
0 242 87 
0 874 151 
0 809 187 
0 546 133 
0 486 111 
0 396 14 
0 502 17 
0 724 9 
0 553 10 
0 581 17 
0 369 14 
0 29 4 
0 92 9 
0 631 9 
0 540 188 
0 775 208 
0 561 261 
0 243 100 
0 248 46 
0 161 26 
0 535 140 
0 495 166 
0 112 17 
0 683 267 
0 240 24 
0 504 11 
0 217 70 
0 1036 115 
0 914 182 
0 954 134 
0 945 182 
0 828 221 
0 273 109 
0 191 93 
0 206 26 
0 245 146 
0 335 31 
0 520 196 
0 627 313 
0 774 234 
0 637 198 
0 171 58 
0 101 14 
0 560 175 
0 0 2 
0 0 51 
0 0 43 
0 0 19 
0 0 44 
0 0 14 
0 0 46 
0 0 19 
0 0 39 
0 0 29 
0 668 163 
0 596 199 
0 582 209 
0 595 124 
0 448 203 
0 490 169 
0 607 196 
0 632 142 
0 184 80 
0 73 36 
0 577 157 
0 272 140 
0 1402 141 
0 1251 149 
0 1523 157 
0 1322 134 
0 1044 130 
0 274 6 
0 426 89 
0 1185 94 
1 555 41 
0 463 20 
0 793 231 
0 927 163 
0 843 182 
0 926 144 
0 10 9 
0 325 128 
0 1020 143 
0 963 249 
0 907 155 
0 825 198 
0 620 95 
0 67 20 
0 214 90 
1 442 115 
0 713 151 
0 666 128 
0 666 199 
0 690 175 
0 385 96 
0 501 170 
0 752 269 
0 511 116 
0 506 150 
0 815 248 
0 748 164 
0 551 176 
0 925 134 
0 215 96 
0 14 20 
0 531 173 
0 582 187 
0 188 62 
0 433 177 
0 207 90 
0 106 19 
0 36 24 
0 759 166 
0 916 168 
0 369 79 
0 954 156 
0 1036 179 
0 942 154 
0 903 193 
0 716 161 
0 201 24 
0 290 84 
0 342 139 
0 955 162 
0 741 120 
0 58 7 
0 776 101 
0 862 162 
0 589 260 
0 5 24 
0 460 90 
0 133 61 
0 616 227 
0 549 164 
0 4 34 
0 0 34 
0 81 21 
0 101 8 
0 694 181 
0 665 138 
0 127 4 
0 233 56 
0 672 150 
0 34 17 
0 569 191 
0 869 221 
0 221 80 
0 172 50 
0 748 186 
0 634 118 
0 592 194 
0 423 173 
0 108 10 
0 511 152 
0 568 144 
0 314 54 
0 327 0 
0 30 0 
0 182 0 
0 242 0 
0 103 0 
0 150 0 
0 20 0 
0 26 0 
0 10 0 
0 569 169 
0 85 32 
0 182 92 
0 542 125 
0 584 182 
0 753 176 
0 609 216 
1 416 183 
0 103 38 
0 228 90 
0 520 175 
0 610 177 
0 637 136 
0 159 68 
0 85 49 
0 565 113 
0 331 174 
0 549 157 
0 654 225 
0 473 160 
0 629 123 
0 531 159 
0 111 28 
0 219 119 
0 575 176 
0 601 247 
0 188 24 
0 1031 300 
0 900 171 
0 232 75 
0 825 251 
0 962 194 
0 1198 157 
0 863 187 
0 88 45 
0 156 31 
0 228 108 
0 257 83 
0 769 144 
0 494 171 
0 634 164 
0 993 190 
0 193 110 
0 283 272 
0 112 45 
0 828 200 
0 651 304 
0 1091 250 
0 1199 270 
0 870 439 
0 947 357 
0 0 41 
0 0 39 
0 0 2 
0 0 23 
0 0 4 
0 0 41 
0 0 36 
0 72 24 
0 621 115 
0 703 117 
0 228 84 
0 503 180 
0 592 157 
1 639 168 
0 549 179 
0 543 156 
0 526 156 
0 637 196 
0 473 154 
0 809 233 
0 735 175 
0 670 167 
0 684 197 
0 741 104 
0 465 175 
0 164 77 
0 302 17 
0 713 139 
0 14 13 
1 954 164 
0 1017 137 
0 579 151 
0 523 174 
0 261 83 
0 855 131 
0 565 143 
0 612 129 
0 167 75 
0 137 52 
0 96 21 
0 611 207 
0 618 167 
0 587 191 
0 278 47 
0 195 107 
0 612 155 
0 1044 228 
0 1203 205 
0 1094 151 
0 568 236 
0 957 203 
0 1153 165 
0 494 151 
